


            0000000                 1                     
         0280----0009              111   1111        1111   111              1111       111
        1110     011               ^1^   11111      11111   111             11  11      111
        111                              111111    111111   111            111  111     111
        122000          1111       111   111 111 111  111   111            11    11     111
        1010001111111  x   110     111   111  111111  111   111           111----111    111
             011  110  0000111     111   111   11     111   111          111.     011   111
        0011     010   110         111   111          111   111          111      111   111
      111       0110   011         111   111          111   111          11        11   111
         0000--0080     111101     111   111          111   1111111111  111        111  111


